IF (StardistObjs_Texture_Entropy_Eosin_5_02_256 > 8.609995926261313, [-0.9256234995180586, -0.9537741098185964, -0.04975295658573916, -0.07084939075272803], [-0.041492186101272255, -0.011166353623787475, -0.9850419230143189, -0.9623153517833946])
IF (StardistObjs_Intensity_IntegratedIntensityEdge_ImmC_pm > 35.227451330050826, [0.3348253633965479, -0.7432856656648718, -0.7704757414492495, 0.19958030277571664], [-0.9373072136460272, 0.33742306552965273, 0.2932283896353702, -0.700129422250701])
IF (StardistObjs_Texture_Entropy_Eosin_5_01_256 > 8.154493360356595, [-0.613130767244937, -0.7371252483109868, 0.2249227546878974, 0.22471123978428795], [0.1590278159871107, 0.3355365579175609, -0.9809577342809408, -0.8031891745900045])
IF (StardistObjs_Texture_InfoMeas1_Eosin_5_01_256 > -0.6268200592600482, [-0.47949855268797137, -0.34593795565827096, 0.7469281792242228, -0.8541709854216181], [0.016450171052747514, 0.015362239833009595, -0.6589582470380059, 0.28682370461435386])
IF (StardistObjs_Intensity_MedianIntensity_OrigRed > 0.5098039507865906, [-0.76782375794139, 0.33061556868176556, 0.07274573718718091, 0.14366750344954032], [0.6459777080103812, -0.5141076681453812, -0.6298457600384979, -0.6490068817762245])
IF (StardistObjs_AreaShape_MaximumRadius > 5.656854249492381, [0.2821059604149392, -0.347553129854614, 0.0443866787076507, -0.013722388298527524], [-0.9728846968107854, 0.8678153246197136, -1.0, -0.14561975115688813])
IF (StardistObjs_AreaShape_Compactness > 1.087998437722001, [-0.5694685103865377, 0.47224373837963185, 0.3895644048304334, -0.5184051903247359], [0.12518849832402895, -0.4162606145995845, -0.4435875658328371, 0.30220784176599474])
IF (StardistObjs_Texture_DifferenceVariance_Hematoxylin_5_03_256 > 0.00013559604165689146, [-0.9458974127406934, 0.7574609149078791, -0.8063391213745361, -0.2821182933507271], [0.10563307932456897, -0.2808243672973602, 0.09785031275397352, 0.01731750866690888])
IF (StardistObjs_Intensity_IntegratedIntensity_OrigGreen > 87.7568652946502, [-0.7909084144654399, 0.11925439124284043, 0.03546231243920712, 0.16772064172487752], [0.35518785744680503, -0.03321736230309556, -1.0, -0.3431444717594728])
IF (StardistObjs_Texture_Entropy_Eosin_5_01_256 > 9.73781561200614, [-0.9999999999996813, -0.8489108412231455, 0.6910772148912329, -0.7511986388644374], [-0.04620366331927536, 0.11005748569018192, -0.1831725822239454, 0.12103488823338039])
IF (StardistObjs_Intensity_MeanIntensityEdge_OrigGreen > 0.34509804827662616, [0.04237458301848976, 0.17552457529842, 0.12394545665754003, -0.2768825741774616], [-0.10078859277311544, -0.695656129585273, -0.6825899425138264, 0.5283503387068761])
IF (StardistObjs_Intensity_StdIntensityEdge_ImmC_pm > 0.010999953881768906, [-0.28645429850405646, 0.021603115646129652, -0.004838212470865651, 0.22259886452842637], [0.4062538662532914, -0.15003853750304463, -0.11150517088441092, -0.79276417114293])
IF (StardistObjs_AreaShape_FormFactor > 0.8676204685574785, [0.030465137204842816, -0.29791133074643106, -0.058587236572318575, 0.09834514753194148], [-0.2640563549166149, 0.5745083716041152, 0.1260651328795809, -0.6551942288977914])
IF (StardistObjs_AreaShape_MeanRadius > 3.606849434348616, [-0.1880816333623317, -0.6235617127293402, -0.07860153538038184, 0.13500794338757718], [0.09509207981070779, 0.3149264061374844, 0.18374588215153462, -0.28320174997463055])
IF (StardistObjs_AreaShape_Eccentricity > 0.6913125044937564, [-0.17722463964235322, 0.15668671789286862, 0.32601428914154884, -0.32704610109083954], [0.06496959116811311, -0.2520487714714919, -0.2551540953161017, 0.13204953445462717])
IF (StardistObjs_AreaShape_Extent > 0.6551724137931034, [0.0410255591855093, -0.1623267121405145, 0.04134960934276081, 0.013986994871596261], [-0.5984982069522208, 0.5387967889416039, -0.6751242137565096, -1.0])
IF (StardistObjs_AreaShape_MajorAxisLength > 39.41789456901011, [-1.0000000000000164, -0.7957846726708193, 0.972884549006397, -1.0000000000000326], [-0.0009023334600477803, 0.12916961720410625, -0.05385874069607306, 0.021569820393409166])
IF (StardistObjs_AreaShape_Solidity > 0.9391304347826088, [0.023737907454051004, -0.18411705297081374, -0.004860380732240206, 0.016506298969454512], [-0.2516080187176673, 0.6875108552419412, 0.5026901824907956, -0.48544408277652507])
IF (StardistObjs_AreaShape_FormFactor > 0.8087826637756473, [0.05241192893486792, -0.1974555226048613, -0.021395478359590304, 0.00697425593903824], [-0.7131877217756388, 0.498884183799204, 0.34838729997992623, -0.3515179994761367])
IF (StardistObjs_AreaShape_Eccentricity > 0.4857507451769881, [-0.13380865302643702, 0.007556741669223544, 0.10674568595683685, -0.048701955966493224], [0.648212466565796, -0.08329079907946342, -0.49287007746197187, 0.18965171973336406])
IF (StardistObjs_Intensity_IntegratedIntensity_Hematoxylin > 92.29078900348397, [0.18939804205830557, -0.2021054259554613, -0.02123768096847283, -0.03066276373950565], [-0.6895553090385895, 0.5179106189357654, 0.4177145192344587, 0.21790608462287592])
IF (StardistObjs_Intensity_StdIntensityEdge_OrigGreen > 0.1549157325784049, [-0.4234927407435201, 0.7221449133999168, -0.15588226226111748, -0.1253876667547926], [0.14669888411465257, -0.3097405242418074, 0.014851695405126552, 0.015539638012330872])
IF (StardistObjs_Intensity_UpperQuartileIntensity_OrigBlue > 0.5960784554481506, [-0.2247483315181143, 0.08969079015241725, -0.00437968435403022, 0.059171470880668875], [0.7790331857405935, -0.715735790187883, 0.3867771036120722, -0.7099833034488174])
IF (StardistObjs_Intensity_MeanIntensity_OrigGreen > 0.6525166499694544, [-1.0000000000000495, 0.9055930586302531, -0.9418422529353944, -0.9999999999999634], [0.0009955734867318547, -0.11847618615039028, 0.09301750295848943, -0.005531187680936451])
IF (StardistObjs_Intensity_MaxIntensityEdge_OrigRed > 0.91372549533844, [-0.5441265535070174, 0.6060529225486693, -0.15796863730790967, -0.1022514651762368], [0.13442294924600723, -0.28351445219335325, 0.008705644991462183, 0.02095104516579708])
IF (StardistObjs_Intensity_MeanIntensity_OrigRed > 0.40134015419528263, [-0.16362213895859862, 0.08084071939415662, -0.015860645047697998, 0.030792620753358278], [0.9298249520575249, -0.8458100055854852, -1.0, -1.0])
IF (StardistObjs_Intensity_UpperQuartileIntensity_OrigBlue > 0.7843137383460999, [-1.0000000000000753, 0.42214829338894705, 0.5905857983875031, -0.9597490943512863], [0.0075589391263353786, -0.11586348603172483, -0.15748531088894877, 0.09323858775167272])
IF (StardistObjs_Intensity_MassDisplacement_ImmC_pm > 1.3215773000466848, [-1.000000000000021, -0.2544598485026669, 0.3263101004310207, -0.3646063859134243], [0.014219044649925775, 0.09413547502239825, -0.300650437331575, 0.19748830090492195])
IF (StardistObjs_Intensity_IntegratedIntensity_ImmC_pm > 134.80000234209, [0.08581439060000555, -0.1763104375055541, -0.09700755936605548, 0.039891323845122346], [-0.9498445730572043, 0.29633125289283074, 0.3695026411379245, -0.3459787026332404])
IF (StardistObjs_Intensity_MeanIntensityEdge_ImmC_pm > 0.9251746713430032, [0.19892173623185289, -0.3590805152571732, -0.7525483035778103, -0.06388966424277522], [-0.28205106125804075, 0.21234995785481178, 0.01624738751668997, 0.017746673866527736])
IF (StardistObjs_Intensity_StdIntensity_ImmC_pm > 0.2261405668394559, [-0.6022990281991102, -0.05600258325663003, 0.15530141213310658, -0.18913895879286519], [0.025237617341377905, 0.024280608073019214, -0.4481543256166308, 0.263763739778863])
